cg19593957	0.0	0.0010231300820618139	0.0003449949649620499
cg18147067	0.0	0.0011070021629440963	0.0001104054414411803
cg06139288	0.0	0.001266883596616887	0.00016232222317390856
cg08588626	0.0	0.0010415593680880757	0.0003271436646081965
cg17553592	0.0	0.001257988087481277	0.000367983347108657
cg12472218	0.0	0.001370619300386638	-6.241866626989136e-05
cg08998989	0.0	0.00014823660458022618	0.0010154941996108082
cg17727916	0.0	0.00011148424924647962	0.0010593838184619268
cg06104510	0.0	1.4869568334035032e-05	0.001050974733780373
cg01109660	0.0	-0.0012074023392059019	-0.000506705243894163
cg26267038	0.0	0.0011740040516756624	0.0006412080724666986
cg14232291	0.0	0.001825886173272793	0.0001279109898967372
cg01891172	0.0	0.001016387751769649	0.00047273498695339823
cg01828474	0.0	0.002585376205598924	0.0005531734419393775
cg20312916	0.0	0.0010774138645100243	0.0007551886486334555
cg25127732	0.0	0.001133300141124617	-8.399090950004438e-05
cg05184682	0.0	5.393215635505846e-05	0.001072277920134413
cg06079646	0.0	-0.0010288954551029464	-3.31620969323475e-05
cg14831665	0.0	0.0008172465799763884	0.00118606581046301
cg11863130	0.0	0.0012553033655851248	0.00023390122697472255
cg17036062	0.0	0.0011566935459478508	1.8417358505868245e-05
cg16104634	0.0	0.0013146919359124855	-0.00022510956347162033
cg05137263	0.0	0.0019962574886744186	0.0005952884718001648
cg14831390	0.0	1.0201983413600093e-05	0.001194466548744842
cg09998474	0.0	2.719620898945476e-05	0.0010958515170714023
cg21918559	0.0	0.002090026715470967	0.0005494923274149726
cg25436127	0.0	0.0010023765594649396	-0.00023001918160319774
cg20778411	0.0	0.0012470931115885465	0.00042569046210487536
cg14516385	0.0	0.0017530401012697692	0.00039449140474475324
cg01397290	0.0	0.0012860104277887454	0.000428727294806184
cg06408301	0.0	0.001285575698508757	0.0010067115084752823
cg02062238	0.0	3.3327437719643505e-05	0.0011661637894242595
cg07381502	0.0	2.2805053539574805e-05	0.0010754294975463489
cg06231618	0.0	-0.001325915369187317	-0.0010197188331448582
cg26327984	0.0	2.7890708259301303e-06	0.0012393311732378945
cg13532885	0.0	0.0012992345946357669	0.00011024928786955179
cg06077978	0.0	0.0015731458642633124	0.0008498445459248525
cg00723997	0.0	0.0010954349938228237	0.0006328071637947074
cg23709838	0.0	7.226420890959865e-06	0.0010855352699329854
cg05922253	0.0	0.0004216426452757635	0.0011724935206000788
cg19162841	0.0	0.0013125727202020522	0.00028064019568023284
cg05152874	0.0	0.00012707791619519284	0.0012635062500745886
cg16946997	0.0	0.0011779748104488856	0.00014065612193452605
cg11704790	0.0	0.0015034682082111423	0.00022972285518801065
cg13540126	0.0	0.0015570766388919924	0.0002644517856970567
cg08796898	0.0	3.690843135118366e-05	0.0011103116415714187
cg05476522	0.0	0.0015761613890689324	0.0002690785018330241
cg23993375	0.0	7.0267474460513534e-06	0.0010481482346747014
cg23154024	0.0	0.0011063360259096458	0.00036941392087877023
cg15035437	0.0	0.0011991626324119166	0.00020683773634380575
cg27326620	0.0	0.0004982732771112118	0.001019643325768698
cg17432350	0.0	0.0011421320665610654	0.0005242497043691617
cg22037209	0.0	0.0016989706888747662	0.00037011374470468874
cg09778422	0.0	-0.0010819516881435773	-0.0004700783095061055
cg16204757	0.0	4.037180871804211e-05	0.001391737049642232
cg25156485	0.0	2.3435188554667426e-05	0.0010814174469260759
cg10510586	0.0	0.0010747300023586895	0.0006597653135511214
cg09146364	0.0	0.0004475151811516393	0.0011290359155112666
cg08202860	0.0	0.0011793887709396415	0.0003455231886226171
cg22776211	0.0	0.0011183320109596265	-5.402709219841685e-05
cg10482495	0.0	0.0013809164219301285	0.00014545419659971873
cg15236541	0.0	0.0012177843855697163	0.0006679229477585405
cg17509494	0.0	0.0010190738042731478	0.0006441900594978308
cg04544498	0.0	-0.0013337891730324089	-0.0007978969182597723
cg00554969	0.0	0.001358894497233484	0.00034902366792654324
cg15816181	0.0	0.0018246990377412523	0.00010997581126825958
cg11718092	0.0	0.0010052230693517402	0.0003554569258341155
cg20373036	0.0	0.0008491598746505457	0.00143882527547165
cg03802424	0.0	0.00024511705347570985	0.00100119253087505
cg08637905	0.0	0.000616164070635035	0.0010965156047125948
cg19407410	0.0	0.001111193243958932	0.000363962322918595
cg27260927	0.0	0.0012955241259375093	3.91699666309481e-05
cg20085077	0.0	0.0010202132114496686	0.00011161628742158422
cg00622389	0.0	0.001047368609098447	0.00013228673879133108
cg16891080	0.0	0.0012966751948376698	0.0006273390201642032
cg06302025	0.0	0.00020248627578015637	0.0010124192570968044
cg10869581	0.0	0.0010546954523305637	0.0001021362388048501
cg23685102	0.0	0.0015181191553305736	-1.170544799334194e-05
cg23936476	0.0	0.0010611483848128145	7.631374411671792e-06
cg20439892	0.0	0.001025893497127732	8.837280637410883e-05
cg03447800	0.0	0.001028197003463744	0.0007637382428034612
cg02283535	0.0	0.0010006316503352103	0.00017642431450165584
cg18834878	0.0	0.001178715724415187	0.0006475782840950783
cg14057181	0.0	3.2029638935530556e-05	0.0010102404358695455
cg25073957	0.0	0.0010016718462015324	0.0005087648937850647
cg23722334	0.0	0.0016709836587095145	8.378368449052133e-05
cg02285579	0.0	0.001175240943915839	0.0006779906301843795
cg06779802	0.0	0.001524212360212031	0.00012072326259415721
cg23091104	0.0	8.722532025344756e-05	0.0010196614000058497
cg10978884	0.0	-1.0149060828485057e-05	0.0012513828035539904
cg13208429	0.0	1.0130949132306816e-05	0.0011388783407756105
cg21597797	0.0	7.969412555982375e-06	0.0012463096368561886
cg04424654	0.0	3.165625887096415e-05	0.0012504164351630786
cg00412010	0.0	0.001122256769515825	0.0004805098641878562
cg14343687	0.0	0.0012181555006819372	0.0003714614059585593
cg04029664	0.0	0.00020509962029599362	0.0011476639734304217
cg25968748	0.0	0.0012003277917383255	3.788763918402028e-05
cg26822438	0.0	0.001051680936886779	0.00010041484081611043
cg21480420	0.0	0.0011229248169525672	4.087906775936289e-05
cg04128303	0.0	0.001443921727642549	0.0004600103438877274
cg04300278	0.0	0.0012578192808141728	0.00048390169115070813
cg14243895	0.0	0.001386241200855259	-2.5990940779131227e-05
cg11720861	0.0	0.0011346556837419784	0.0003622655148776615
cg19631766	0.0	0.00032142598517703616	0.0010911314865040816
cg16716035	0.0	2.7637540068418927e-05	0.0010864963789648935
cg05147108	0.0	2.289400125120103e-05	0.001579724829306414
cg25918359	0.0	3.8411245799533595e-05	0.0010370809796464743
cg09407917	0.0	0.001219078719177754	0.00017679299038412773
cg02864732	0.0	0.0015177653029914337	7.432241736994482e-05
cg14828248	0.0	0.0011575973525741264	0.0002778517704449512
cg14586560	0.0	0.001092353264314899	0.000410504988832435
cg07816287	0.0	0.0001340729246432596	0.0011692745366583288
cg00960898	0.0	0.001005071981586647	0.00041250086425115865
cg19022384	0.0	0.0010001094747950732	0.0006167022468180667
cg00158454	0.0	0.0011288761710071002	0.00048518838975494794
cg13217661	0.0	0.0010699868476726103	0.00039308320713274977
cg05196026	0.0	0.001068302248358257	0.0006815019955336504
cg21040569	0.0	0.0016014544261510075	0.00013217667938486563
cg24401557	0.0	0.0017555642155355619	0.0004157554912040653
cg00412368	0.0	0.0014158995144425224	0.00032285036281719926
cg13645113	0.0	0.0001665306600883227	0.0010047492058209912
cg21040109	0.0	6.795345419136974e-05	0.0013490692401827752
cg14386202	0.0	0.0008596593355737363	0.001088851864342831
cg21207958	0.0	0.0003395032771022033	0.0011762501679382254
cg21773962	0.0	0.0010851690513024876	0.0002622840955036083
cg03202526	0.0	0.0011973878411615912	0.0005170065985473096
cg11638117	0.0	0.0016508475572861012	0.0011177374076087232
cg25870731	0.0	0.0010983456640207205	0.0001560531904991023
cg09112156	0.0	0.001527140962571694	0.00023535461458629558
cg11005845	0.0	0.000559106462441385	0.001105519408284742
cg23690264	0.0	0.0017039389938410445	0.0003029967031806719
cg09720420	0.0	0.0010514011075528136	-0.0002355519242535054
cg09610569	0.0	0.0014878479614001457	0.00043933649647533515
cg13663706	0.0	0.001065549631898854	0.00028951426746673045
cg19332075	0.0	0.0012557247543965144	0.00019212583758067956
cg17938879	0.0	0.00022870992274616516	-0.0016069072467520475
cg04177426	0.0	0.0012520108078856239	0.00040600113469359755
cg25528646	0.0	0.001510085822615333	-0.00014538592266073857
cg27488875	0.0	0.0011928452593950331	0.0004086005044425451
cg27502296	0.0	0.0012606253302440693	0.00046396918350042623
cg13747960	0.0	0.00013293126222036085	0.0014024269573248299
cg02772106	0.0	0.0010735263481457733	7.335641611000377e-05
cg03892808	0.0	1.854212551788272e-05	0.0010860386408250522
cg21940586	0.0	0.00012433004532039937	0.0010366333889506015
cg17123338	0.0	-0.0016123262608674926	-0.00037822462788772486
cg15517690	0.0	2.6562097506388713e-05	0.001130201308646871
cg01596349	0.0	-0.0012941687641223193	-0.0003103124882519391
cg14778208	0.0	-0.0011992826642586824	2.5645744048103494e-05
cg03695421	0.0	0.0010658017805284673	0.0003802966581026704
cg13851368	0.0	0.0006235295293754017	0.0015047112565867648
cg14248084	0.0	-0.00020059861505755216	0.0010209767411093322
cg00240113	1.832603290628862e-07	0.001609033781722855	-5.992499591462293e-05
cg21362390	9.808407776489036e-06	0.002824044967601719	0.00024376178671321532
cg06711837	3.2022846362387644e-05	0.001046560615822615	0.0005494746228710975
cg18395615	0.0001360974708729859	0.00018094749961494245	0.001224087474910761
cg06944922	0.00015508030493338514	4.592460382679345e-05	0.001200161377681573
cg25223408	0.00020982912583984676	0.001223003112758263	0.00010013775953030097
cg08812897	0.0003359549128220964	0.0015732972088820592	0.0003072141602520502
cg08783090	0.00043971549332545565	0.0018545624763639669	0.00030500860173289995
cg26351479	0.0010212966678981798	0.0015786088677574165	0.0009302726517121332
cg03728850	0.0013134638707887427	2.789083648453463e-05	0.0012523627434811741
cg14688179	0.0013889563031650983	-0.001129319400144816	-0.00039943957470946293
cg02295369	0.0014624221282186834	0.002056185214473569	0.0006345470146886711
cg11073407	0.002830925340180305	0.0012452507438212598	0.00022177170841310934
cg07811386	0.0028456633158576283	-9.37767788743073e-06	-0.0021297916467156136
cg02229344	0.0030052807081421325	0.0010887836680784284	0.00036649055778931996
cg11616438	0.003039527765161885	2.363229794495492e-05	0.0011655581749927886
cg05029625	0.0032130345854775397	0.0018063030564425256	-0.00018689789093145724
cg04528545	0.0034277604265234734	0.002017752575485549	0.0002674288454383167
cg22606540	0.003647457712866963	0.0010780652528553708	2.2948362159402644e-05
cg03683587	0.003864570083932885	8.392697600992911e-05	0.0010945210209382067
cg20926353	0.004610162285114249	0.001710508291423244	-0.0001939649481712158
cg17974767	0.004678137887553491	0.0011197733259697546	0.000144920400969891
cg04663649	0.004784145696709747	2.467183262109773e-05	0.0011723169919286467
cg23837911	0.004960913425488167	0.00018217920286510447	0.0020816998927242225
cg27350602	0.005124571929657923	0.0016333671219732901	0.0005344242708726216
cg04342295	0.005372068433972976	0.001041672375615469	0.00021549407413246028
cg08470157	0.006533309579560835	6.115018306149525e-05	0.0017602635936863423
cg23208903	0.007209485899696693	0.0015127293856621875	0.00031067103705006445
cg04302300	0.007640459300798676	0.0017431231774448818	0.0009555715506452545
cg24754154	0.008433589107755905	0.0002284512313998981	0.0013075874725176513
cg20020143	0.009086697094156802	8.719365497020857e-05	0.001604388132928002
cg02120046	0.009323397710953288	0.001115337347473276	0.0002184096211714112
cg26010110	0.010196858040177307	0.0022769894487074567	0.0008124221420767838
cg25903474	0.01135404562638473	0.0010733580919938682	0.0008336810451458277
cg06915321	0.011501080295869806	0.0024215427105741725	0.00015188509813084136
cg26738106	0.012043254269745498	0.0006366169908915805	0.0016532409142782192
cg04031645	0.012467918176088512	0.00013872237974270896	0.001333174309748782
cg17972491	0.013400666926776508	-0.0016888651513990586	-0.00032061675952169155
cg20654256	0.013426010368202854	-0.0011002112104360842	-0.00030260916228910464
cg11179997	0.013762561091715123	0.0010953096431479013	0.0003931755229268644
cg13699152	0.014040075688563962	3.2159987978731935e-05	0.0017732650316822844
cg21918369	0.01404467426110589	0.00015637806722618722	0.001341645575082272
cg26020914	0.015579822066564504	1.4354334003592633e-05	0.0013673806534508781
cg08100618	0.015627176746341	0.0030863349959095983	0.0010124310547652792
cg10451760	0.015741338787608423	0.002193188773588501	-0.00010101123170702622
cg27080287	0.01701145392314385	0.0012854314997759408	0.001012221854225167
cg07051162	0.01743480757786352	3.883895839453961e-06	0.0018214852577874878
cg25848037	0.01768887967559965	0.0015652001487310187	0.0009080623871253064
cg06780606	0.01787082328144436	-0.0012120128177144243	-1.8042042118475412e-05
cg08697944	0.018976932432200198	0.0016936490665886684	0.0003062763800672321
cg13549303	0.019162290149269515	0.0011101936559617864	6.5710385912487e-05
cg02012821	0.019207709222293742	2.9396237940793412e-05	0.0012026534164838116
cg03671371	0.01929992158811642	0.0021563487751932284	0.00028732987084788573
cg18665563	0.019480167324959302	0.0010349629068395838	0.00032996542465851803
cg27387615	0.019773971198942343	0.0013843730434266045	0.0002866667950185822
cg20197861	0.020035002903607706	1.2784117132982221e-05	0.0012855072666632268
cg06964654	0.020436933753322613	0.0017997219306913014	0.0005889601970016908
cg22690188	0.02109263994302061	0.0030229310377311385	0.0005500699786693762
cg17152375	0.022476513698354687	0.0002079590110661546	0.0010036271618621083
cg18225658	0.023616792281720696	4.007656432768635e-05	0.0013214410566540224
cg04402798	0.0241355713837514	0.0015631276637212194	0.00024569217101510826
cg27581839	0.0245781956462902	0.0001813295586941869	0.0012018818346428747
cg21306973	0.024773350876216637	0.001579432949549117	0.0007122466778987244
cg20332806	0.025778278576347423	0.001481938463081343	0.00020637007422852222
cg06621863	0.02587729545195656	0.0012408032338353618	5.889938971613548e-05
cg25943872	0.026041741114836807	0.0011338285382148988	0.0003332687267911123
cg21655480	0.02631741606686839	0.0011301300939749765	0.0003662092816111125
cg23083269	0.027847705013139754	0.0010749509436378257	0.0011148880843895642
cg17547578	0.028347801745331337	-0.0012162872434952033	-0.00021005750139205462
cg10448608	0.02883397685985839	0.0019200740971985486	0.0007677829245638596
cg18164076	0.029222583828826816	2.6963969158628197e-05	0.0010182432765156928
cg05193067	0.029550537035850283	-0.0012997974295192527	-0.0009125194791583983
cg08139636	0.029666749681306198	-0.0011591062555544197	-0.00045006181323950934
cg11189761	0.030051189793684163	-0.0010245573188700507	-0.0006702723293118321
cg07198771	0.03018005545828323	0.00045117222560964404	0.001046485191686283
cg17832062	0.03090477720202228	0.0005164309312155232	0.0011731431770439288
cg05895666	0.03199296276449033	-1.4127554082234786e-05	-0.0010113560702148911
cg10191725	0.03203059312906629	0.001784580398913762	0.0002286509035940037
cg27633753	0.03350404471666788	1.2345177478926212e-05	0.001049864358960778
cg07887243	0.03443486961068627	0.00017907815783697133	0.0011565868743350618
cg12051064	0.035912495663835343	-0.0012104966426929628	-0.00031931219132357616
cg26968501	0.03593266408100159	0.00048107789437765885	0.0013461148386616547
cg13699065	0.03739963270854447	0.001118552073234038	0.00046087300116211613
cg00484940	0.03754547812576382	0.0012102833937619865	0.0003989612982916954
cg10361547	0.0381690110631838	-0.0013390982802564426	-0.0009019825911114098
cg16108684	0.03841693704785138	0.0023861008695646216	0.00012101705644300156
cg06300944	0.03911313366485951	2.988918420584337e-05	0.0010247617318305717
cg04039555	0.04329286188357677	0.00043965028078212567	0.0016477373028487329
cg10718795	0.04591208807723158	0.00013055991668687933	0.0010089932408390888
cg05181702	0.0490295815147002	6.715451171758622e-05	0.0013141063813834205
cg13012525	0.04995404960377835	0.0010155528009841374	-1.2635482496768298e-05
cg20279598	0.05325719190440899	3.107009225569308e-05	0.0012629232281499343
cg17527404	0.05502121470581071	0.0012860482240250343	0.0004916511595446425
cg10356429	0.05507642156121117	0.0015744406558790274	0.0004180162408297436
cg02547323	0.05538955273307827	0.0011004814251690334	0.0006363294792145601
cg02915422	0.05552066820812064	0.0010175381453549558	0.00043074314941457997
cg06943437	0.05563117094384555	0.00040193623600157644	0.0010822207533509307
cg06775759	0.05613663401644751	0.002115837165448049	0.0005140080446507599
cg15133344	0.05630327491865127	1.8909467783469188e-05	0.0010434570014698926
cg18757172	0.05631678251942834	0.00031465464469092303	0.0017739413356941632
cg20622056	0.05732483144908899	0.001005754764509282	0.00027913289724455564
cg17077516	0.05903612549587543	4.9136793818284454e-05	0.0011485595140424238
cg05032353	0.05919021322306806	5.5466470884902374e-05	0.0016878032793677994
cg04932755	0.05938755170402668	2.4336317020583256e-05	-0.0011179525579107772
cg17814335	0.05981364512628557	0.002013531731045097	0.0005517650710938907
cg09641151	0.060121289663170124	-0.0014849699492566041	-0.0005815726566863756
cg27540865	0.060745590777950546	0.0005116172698218009	0.002374052633237555
cg05134041	0.062149821332152036	0.0019173427104631367	0.00017568571164387425
cg03664928	0.06298214116304739	0.0013616623394987015	0.0004051068161169922
cg25988710	0.06538595377173027	0.0015668884617978216	0.00029155292438267543
cg13273147	0.06624681063657585	6.483493423203534e-05	-0.0011355312443946076
cg12537796	0.06671933951918398	0.0011326004763775016	0.0006533966765382837
cg06778844	0.06746544323036231	-0.001274711346711011	-0.0007488353967804687
cg13328614	0.06912406425219636	-0.0012749227750187089	-0.0005305987143388206
cg00291222	0.07094536453507228	-0.00021557166050494822	-0.0014745248834213992
cg21672057	0.07115232196469443	0.0019922422468915033	0.0002650623441475724
cg22934939	0.0714220610231536	0.0018144209867448347	0.0005017398932817809
cg23777740	0.07169814540602776	0.00020306791057122793	0.0012209187273253073
cg16697940	0.07174853483109472	0.0006687255724635717	0.0015660699367872329
cg08814148	0.0727234008431625	0.0016362188198019803	0.0006507195539014441
cg12467143	0.07453843729970305	0.0012022871960675919	0.0004385523530946389
cg00040455	0.07710875860391815	0.0014145389705769397	0.0005621926723318185
cg18000886	0.07720796027132887	0.0014770048073785742	0.0005817024223972643
cg03310203	0.0774488215378992	0.0010061311346981298	0.00011295817490434845
cg12842316	0.07856005676994934	0.0012207649648878587	0.0008140493862785476
cg07987169	0.07929278942239913	0.0015998690196458087	0.00019106760681775434
cg16084857	0.08048350446943385	0.0016629892579314903	0.0005677530623662501
cg22750044	0.08060699565848867	0.0018185557189507623	0.00026335233152373995
cg02847500	0.0828879757482295	0.0014292460085880525	-7.940688885147458e-05
cg14273923	0.08294446285821032	0.0010103936396456887	1.9910948439284386e-05
cg05555050	0.08475391868707399	0.0010843076212083975	0.0006339761689920907
cg00426668	0.0852658757541674	-0.001410992287336571	-0.0002590499730089632
cg06267144	0.08586791313027266	0.001478707234122425	0.0003407503443984243
cg06650847	0.0861307620643228	0.0010550799082061745	0.0006009580397092232
cg06967228	0.08632924054553771	0.001006226883651087	0.0004107841829932095
cg08848171	0.08982885250126726	0.0011457736658657758	0.00031421380890953173
cg17192679	0.09147880450123402	0.0011760564400219182	0.001202851746316951
cg13114305	0.09368306604775449	0.002543466514966646	0.00043362153378298724
cg14951132	0.09477397818588933	0.0018431958114877435	0.0009195699489677646
cg23698976	0.095808940492883	-0.0011049420686020208	-0.0006877042122462211
cg27044570	0.09610416111464505	0.0011406992814336422	-8.231437964270592e-05
cg11194545	0.09632077646072158	0.002722287196709231	0.001267910231519124
cg19570406	0.09748194179191091	-0.001018471603841077	-0.0004812282753966156
cg01306265	0.09838248483273358	0.0014656911020377403	0.0007954527288538196
cg09791535	0.10023775080172856	-0.00148761195301069	-0.0005809842258314885
cg05162528	0.1007878106355907	-0.0011935026903474465	-0.00023740528476036803
cg24347741	0.1019280179477015	-0.001169489725759766	-0.00024323520140840567
cg02492445	0.10236248793529805	0.0011348928455013558	0.0006756036109439764
cg10474871	0.1052399361943411	-0.0011634865443602366	-0.0005872659192982853
cg01310267	0.10558145304853443	6.984315552766859e-05	0.0011810023059923617
cg07419680	0.10745181573538984	0.0012664657635587681	0.00024017359453363453
cg24286301	0.10783225812992091	-0.0010579826358174187	-0.0007913926184721832
cg13775533	0.11021350941631461	0.0031754187367693085	0.0002821188460798922
cg27548075	0.11025565234497246	0.002137787996269564	0.0017672643632802056
cg03675615	0.11152169441384462	-0.0015317404942841923	-0.0007219615696812051
cg02626719	0.1143703711232459	0.001889514359166756	0.00028045335764985543
cg03598440	0.1144484007746655	0.0010433840167146807	5.36321129769607e-05
cg02932805	0.11460809971330066	4.766906365647183e-05	0.0012497072216781536
cg00016934	0.11494261304447098	5.812394952395011e-05	0.0013953622440644074
cg08609270	0.11523566905943457	0.0009227965998220932	0.0015107284388935398
cg04392694	0.1164733341639459	-0.0010496707014079054	-0.00019511810932275786
cg07156563	0.11690890423247757	0.00012681490090380674	0.001096414007053177
cg19358195	0.11725925063241881	0.0014424760895009596	0.0004328079273620669
cg13192155	0.11784820259454067	0.002733462988711051	0.0015041508048804547
cg10846614	0.11848723542165324	-0.0011282192348941354	-0.0005082806949534683
cg05259868	0.1186665484421886	0.001303916896918838	0.0005157231564258189
cg19777864	0.11937725870750894	0.00018489152871745113	0.001471009943338969
cg23992130	0.12085585571686273	-0.0012635629317377748	-0.0010045785913515891
cg03102729	0.12119047672430769	0.0020570294637426703	8.129815974184149e-05
cg03212133	0.12145314547916627	-0.001403929700181785	-0.0005544328970107171
cg14804181	0.12448775295893226	0.004024500276480594	0.0008754578467411038
cg08617833	0.12477881797277876	0.0023143375003521864	0.00045539063215028737
cg17726418	0.12487367669603539	-0.0010903399373919048	-0.0002212381783504487
cg12204574	0.12489695356305738	0.001234227658221766	0.00032557765779077976
cg00609239	0.12591822245591303	-0.0012391457610570944	-0.0004494971022302814
cg24149658	0.12658190934340607	-0.0010297084446893774	-0.00044696009536989947
cg18476633	0.1270364406175496	3.959988830939244e-05	-0.0010083184949132597
cg02804757	0.12731445189439267	0.0011849186858900848	0.0005585772831079244
cg12691488	0.1278945319794106	0.000391152517046067	0.0014407021310396198
cg13909432	0.12858292762375587	0.0011255512339081288	0.0009245811665478125
cg07674139	0.1296809651229883	0.0008341458708881601	0.001774616288665562
cg26439324	0.1297795717620021	0.0037992740497950475	0.0005930925357019667
cg15888279	0.1304236526424361	0.0017497596006076073	0.0005456351317743006
cg02583883	0.13104282532592648	0.0005009331401979792	0.0012462948566710997
cg12176022	0.13118210745845552	0.001005530510561006	0.0008195803789039796
cg00876332	0.1312860331493478	0.0010699203684526642	7.782056556717603e-05
cg10443532	0.13265332741834598	0.001770587445259975	0.00042006244103544196
cg22474754	0.13286843023400663	-0.0011897124147737547	-0.0006945828223078927
cg04143870	0.13395733858677836	-0.001241934389773791	-0.0007826387989004705
cg03718079	0.13399455592845286	0.0017182673041949252	0.0010346342410035912
cg05114100	0.13482077374998758	8.009453433068226e-05	0.001017858697985988
cg19441811	0.13486916858778958	0.00011742249264630143	0.0011672890517169913
cg14495054	0.13508052131496648	0.0010207118656892261	0.00046933524557028875
cg03035653	0.13588577958931478	0.002289961541427534	0.00039757990989155566
cg26289980	0.13606538947051836	0.00022862603014331474	0.001081477571717638
cg24046087	0.13625788685686344	0.0002547453604563843	0.001188754562661045
cg23771329	0.13746699597899473	0.00012113664749724083	0.0012105300304028684
cg13350478	0.13785462409851484	0.0014234545840859385	0.0005307977705244878
cg09562455	0.1381656147903543	0.0010409864303724504	0.0003562538427747812
cg01046746	0.1396962045267715	0.0016599075969922841	0.0009686555268081463
cg27496085	0.14062485402137356	0.0011565361536559223	0.0005720216450279737
cg02634141	0.1421651167964681	-0.0012071650237764715	-0.0005650091235996381
cg13187778	0.1425469552513128	0.0011800861199611514	0.0013991383603089277
cg10159238	0.14316200710350882	-0.001178730395708836	-0.0008065855577327801
cg00525383	0.14376117152335977	0.001706177542835364	0.00042051032828409107
cg10164191	0.1439220753681893	-0.0012330621048087566	-0.0006329308996774745
cg17773502	0.14625102948859509	-0.0012506315223052783	-0.00021004462712939575
cg23486379	0.1462513066677575	0.00025688304240784483	0.0015712144637259914
cg18391610	0.14996254001744577	0.00011323740780107355	0.0010534095115476744
cg22846914	0.15032579596642148	0.0002589440061409939	0.0016176311563259084
cg11816202	0.15100800522014665	0.0020527762395748943	3.3765342576814463e-06
cg13806616	0.1511961155984733	0.0010101041581859322	0.00045786741998429526
cg23106251	0.15141111515408617	0.001019824878402261	0.0005023106107235577
cg10009830	0.1515015841897965	0.0013972854181928905	0.0003315644647206571
cg06282524	0.15208693266957127	0.0011131469194810891	0.0010002954185177665
cg01219451	0.15386516410572262	0.0016607084469920847	0.0004392758458525786
cg12116566	0.15498296423596722	0.0012191727027650776	0.0012153207247558601
cg11684211	0.15501794079087566	0.0010115471132993872	-3.95408311630692e-06
cg01988452	0.15506861739354233	-0.0021159238589943245	1.4121294182502313e-05
cg14688652	0.15703992891326274	0.0011493489594852759	0.00036558318431182025
cg26318441	0.1578543044005055	0.00023315045192838675	0.0010212507421083468
cg20465655	0.15811733053369062	-0.0011585792157727884	-0.0001937049113803987
cg19881386	0.15938745288423103	0.001773840944429911	0.00040968787590763987
cg23662469	0.15951561252168264	-0.0010876549998181681	-0.00032668057046160936
cg01087775	0.16098687185732286	-0.0019632374951988932	-0.0005501791193418454
cg08456555	0.1611231895067744	-0.0012469583217879705	-0.0009448545507642043
cg13082192	0.16252908549845269	0.0012098876416705437	0.00032612765890686614
cg21341170	0.1639073860541491	0.0034065264053193735	0.00013415142948527628
cg22903061	0.163972884422905	0.0010641688491792906	0.0004593216381520679
cg23210456	0.1640254317406732	-0.00121817277274092	-0.0005242534946205788
cg21595968	0.16417204143946051	0.0017560413709522156	0.0005238995754087886
cg16917996	0.16457338657923642	0.0004559516540007816	0.0014634677430617545
cg27121276	0.16491923105854508	-0.0010377313455743366	-0.00036164231011878245
cg11844737	0.16596663778305934	0.001006653131724513	0.0001890020688498869
cg20202246	0.16658608576798237	0.002616345271250743	0.0004954658374305701
cg06902764	0.16663790621787822	0.0011324726687526978	0.0002741300593037992
cg01222180	0.1671237017329095	0.0018279149754607147	0.0005888141893933351
cg27296664	0.1686719964782064	0.0017210013479632346	0.0005701291857483422
cg04227026	0.16942268315250306	-0.0012083287505499582	-0.0005996303250501957
cg13308744	0.17389780869223687	-0.0028763716423990046	-3.128873614787024e-07
cg09438085	0.17468812227180805	-0.0015028184425882464	-0.000446916780524031
cg03767353	0.17565338627981048	0.001413797334768078	-5.805312710457048e-06
cg24253627	0.17595091183987838	-0.0012558142087112437	-0.0008472739762323753
cg05950094	0.17598073913795534	0.00010225001538584453	0.0011067625612682546
cg05096731	0.17740246483613098	0.0003046525068021537	0.0015853347261574203
cg27053580	0.17770956373576743	-0.0010062631504636748	-0.00038611437536910967
cg01776229	0.17838892348696977	0.0016067331145336937	0.0006003188193141533
cg06717971	0.17945364026807334	-0.0011711662141722292	-0.0006762848229525033
cg09760728	0.1799883966089492	0.0011572887262447935	0.0005789012324329986
cg13185972	0.1800463633500157	0.0013764787039621655	0.00016043653906036107
cg00369058	0.18005231762752102	-0.0011429375631733074	-0.0005196399622149672
cg10995081	0.18072776943115967	0.0001393980591274643	0.0013410053049894037
cg24197116	0.18196182980134	-0.0019979065612332355	-0.0012701375224674599
cg02836821	0.18209083896239342	-0.0011231718374985775	-0.0006187275864903803
cg10542519	0.18224289566167892	-0.0018926374272354872	-0.0006499815786742978
cg23140620	0.1829912174830794	-0.0011559871969243826	-0.0006363303735669225
cg19214916	0.18306922963154856	0.0017140965546132234	0.0006026282472520462
cg15848449	0.18378809663457774	0.0012677221095718078	0.0005055970124073665
cg20291321	0.18662596640152826	0.0030095079164389324	0.0006833395256643407
cg07388156	0.18674076953889127	0.0013023840615477532	0.0004694680951676633
cg03748429	0.1883396180483353	0.0011113267531924211	0.0010728041852949054
cg23297872	0.1893362290494643	0.0017537773047274236	0.00019860404095723905
cg05867448	0.1898316470842339	0.0012815152316148202	0.0006722147188300278
cg08479711	0.19024728681462674	8.171523469406588e-05	0.0011903461350359623
cg03672679	0.19031424181458573	0.0017429526778711137	3.130389275746369e-05
cg25032547	0.19032014370817896	0.0011033906549461226	0.0006325574821306032
cg17478031	0.190425978999226	0.0008010348106344212	0.0011929687897231495
cg12720637	0.19088991803832014	0.0015712716470315596	0.0006233803628359001
cg16337138	0.192307830683092	0.001272258838551013	0.00029017729489138927
cg25158628	0.1930810891302909	0.00018336042859729362	0.0013868730089770642
cg00167275	0.1931861218414125	0.0010104908348286157	6.307095439493894e-05
cg19688503	0.1961543762319981	-0.0012073407272905953	-0.0006969613122076435
cg06053110	0.1964543368170217	0.0002791763157198972	0.001205809401873529
cg11696466	0.19708666220414206	-5.048097667318444e-05	0.0013011473744025525
cg16062292	0.1972518298530251	-0.001228677091204505	-0.0005002685233589587
cg05782106	0.19777792071446215	0.0005224338697321393	0.0010151048862730987
cg07344627	0.19788193903520052	0.0014334251614073466	8.159708760741992e-05
cg02629737	0.19845946777946735	0.0016837355910043349	0.0004893974336936849
cg09513996	0.1988119101798991	0.003189699407344692	0.00041471715670303466
cg13812570	0.2008598513006461	-0.0011603840706342022	-0.0006341468473947345
cg06628792	0.20105484972647109	0.0013047910871129926	-5.2101327603843875e-05
cg24188954	0.20283706578724522	0.0015462473495759287	0.000837747478846538
cg04190662	0.20324066474681202	0.0012731162750114174	0.001158376579031582
cg18524099	0.20402452867237791	-0.0011017344853051093	-0.0006444357834060007
cg13217333	0.20430011476894716	-0.0010755384129127162	0.00057054194298551
cg22845087	0.2052271903890232	0.0013697557585012623	0.00019831159588837215
cg12358915	0.207573265573933	0.0012416560484449935	0.0008526324611280411
cg25289658	0.20766099720883752	0.00015577841938761914	-0.0010237745966489302
cg22343001	0.20850050967848024	0.002376078489131844	0.0007840856830183208
cg24691854	0.20872444446912455	0.0021006660161620233	0.0017079010025723782
cg00960300	0.20875081542861326	-0.0010596541722918428	-0.00035157103663439285
cg27443332	0.20928551919616478	0.0017095202154378305	-9.659916538404434e-05
cg04613080	0.20956438620066858	-0.0012890241437496545	-0.0007164181513863239
cg13845521	0.2097592400418301	0.001738496590920795	-9.9621352197249e-05
cg25153755	0.210002639137207	0.0012693253469861425	0.0008533599645054837
cg10288278	0.21138320170873837	0.0026085028661651886	0.0005196971317764073
cg19791442	0.21139348488830537	1.5126338465399917e-05	0.0012802988359192679
cg26482893	0.21190621341612614	0.002568977377360453	0.0003349246425508189
cg08476890	0.21250526779598483	0.0004285260247706779	0.0010159144443769603
cg00121626	0.2135904237782558	0.0012205281731962276	-7.236795390618456e-05
cg12976310	0.21361194546779433	-0.0010753223676034005	-0.0008018973527986563
cg07939587	0.21484810308793964	0.0015178169407802666	0.0001917687821544562
cg06758848	0.2149208042507999	-0.0011080883298325741	-0.00013616659473907202
cg02055404	0.2167118134784645	0.0014382479374057708	0.0005647621831806833
cg20512370	0.21973744201146395	0.0018856293140773642	0.0007654835666235132
cg01992935	0.2207353702725862	0.0031419970144849407	0.0006654605127888291
cg18114166	0.22355909479869468	0.0028123790634561174	0.0005944922819382201
cg09230658	0.22437417767599635	-0.0012791730418626147	-0.00020222448185765705
cg20569128	0.22474744127291912	0.0012439333903982255	0.0010394329370195911
cg06720669	0.22489235406248564	0.0027741844471828856	0.0009370175398991889
cg10602162	0.22527326791842348	-0.0012455706966071857	-0.0005572569847373662
cg14533133	0.22635016859484194	0.001030860589036373	0.00040092960943166606
cg04169747	0.227639297583176	0.001310103190182198	-3.0327524714739785e-06
cg16135771	0.22767265954972532	-0.0010463928983433623	-0.0010942780669964112
cg11708328	0.2300201354110667	0.0001257598815258458	0.00110987103356714
cg04704683	0.2313140368869994	-0.0011469083247126937	-0.0005745035806541712
cg04287686	0.23225740028344108	-0.0014980077545855759	-0.0009345503249664469
cg10275056	0.2332193106078178	-0.0010410573694703033	-0.00020061751542574377
cg02060618	0.23383585826970193	-0.001243340428222233	-0.0005844996608171216
cg11116781	0.23479275987461562	9.344714040513431e-05	0.0012755426365751482
cg14346048	0.23662780620878365	0.0012509116850940975	0.00041560138862602777
cg25122000	0.2377852858895876	0.0004984312029554054	0.001221690806309332
cg01560464	0.2379473541283972	0.001619212560414064	0.0005947420723980994
cg06116594	0.23959558798481578	-0.001973874805451359	-0.00106489506387323
cg22569587	0.24049543702416498	0.0016620296855411893	0.0007040812413771234
cg12323723	0.24188454374989385	0.00038828858111617426	0.0017183838158517334
cg27204474	0.2423060296174422	0.0015263778705173093	0.0005837422541701029
cg08415785	0.24259490819538854	0.0011452760087654645	0.0006554036634686608
cg23575876	0.2426631546354495	0.0011942895269707544	0.00041602506512867745
cg16888752	0.24647735917816976	-1.4521388931168439e-05	-0.001252376958591745
cg15563434	0.24677556168103432	0.0015749920475895522	0.00013963767478811231
cg07847989	0.2504254428302521	0.0006176767074721974	0.001029484835446959
cg23299641	0.2517511842456316	0.0019760103203261777	0.0006264480566536701
cg00524424	0.2518572611908982	-0.0015225370405722064	-0.0008238591165109383
cg24399474	0.25229723841394275	-0.0010839191713565063	-0.0005552986025782659
cg08760398	0.25252117842404725	0.001651256226519011	0.0007465751594672068
cg01640808	0.252851275617564	0.0017789359465936654	0.0006354526166156716
cg02261899	0.25643773526748315	0.0015896023382473445	0.0017081422391820563
cg05254049	0.2565152366251038	0.0010446603224649217	0.0004841169728629027
cg10265387	0.25776335602006106	0.00025904828899229315	0.001087189008177266
cg20503835	0.25843227495336146	-0.0014179759875635814	-0.0010745878046214436
cg24822127	0.258643933351138	-0.0011784540765661551	-0.0006037512108548562
cg04820593	0.2586527695925805	0.0014289046368148404	0.0004907359735416789
cg00735883	0.25867673374663364	0.0010179779481279921	0.0006980439397923816
cg14699015	0.2589764972779989	0.001415759809408041	0.0005503572148452013
cg03930849	0.25927256842061913	-0.0017264989803956602	-0.00010132250914683689
cg27497831	0.2594318412239002	-0.0010099154952953513	-0.0006452720665895094
cg04691144	0.2608271030276991	0.0019445657712109552	3.2448115329780385e-05
cg00427681	0.26178288133393074	0.0011543567402908252	0.0003795904814914159
cg03351894	0.2623487399676683	0.0011707862377334417	0.0005151808110468529
cg00673685	0.2630971932451724	-0.0010694662615197332	-0.000637341247619917
cg17032587	0.26468327045286305	-0.0011412227084465372	-0.0008580455198506076
cg01037726	0.2651230797954734	-0.0013264776081754405	-0.0005328221174927356
cg11654517	0.2653933241107952	0.002069125878621264	0.0008323751159657715
cg00809111	0.2654267655285412	0.0011371699713271911	0.0006341522797881971
cg11849673	0.2658955682981025	-0.0011042050317891993	-0.0005660448767820636
cg16328412	0.2659635677017341	0.0012587436873461042	0.0005311853513194875
cg16806953	0.2668096028722103	0.0012528570082185034	0.0003446999335132632
cg20104776	0.2693343477789413	0.0017191168546533218	0.00015275858385010852
cg06247034	0.26993763116807507	0.0016363795821921143	6.291595552444707e-05
cg10994247	0.2702847815538885	0.0017185507917515572	0.00040467934371677257
cg10646080	0.2704029179305622	0.0013696037053630991	0.00030221954778627717
cg25433595	0.274212786452093	0.001058704561079859	0.0003471926908689141
cg03723195	0.2753372724037085	0.00022856195595454676	0.001503950941207395
cg17542495	0.2760326966054985	-0.0015079081965838335	-0.0005182719425288901
cg16401529	0.27825621154911234	0.0004581142828621694	0.0011189944737048727
cg05880897	0.2785636677940761	-0.0011991708381442203	-0.0004696690947237824
cg07681653	0.2798989257130221	0.001389465344888677	0.0007206201065045639
cg09728865	0.28051146288307	0.0012210515300917757	-7.994598701648572e-05
cg22666517	0.28144023690906506	0.0011301027152587654	0.000448922785184855
cg10127415	0.28307061697711183	-0.0018769352775274762	-0.001046593116620106
cg09810818	0.2835049697989355	-0.0013843717965133905	-0.0008544534610545744
cg05172693	0.2853743083549627	-0.00022866623905328377	0.0012033871848580859
cg14095100	0.288594221137947	0.0016381977685396426	0.000508470405726266
cg11649713	0.2907051098459046	-0.001070051383637414	-0.0008127838523685354
cg22090245	0.2939295055362973	0.0014835076583251032	0.0002659705570778847
cg20417134	0.29511186822858115	-0.001137926331178387	-0.000639752048657727
cg15781156	0.29783160402981207	-0.0012485279962387522	6.2387950985211846e-06
cg12510923	0.2984350121136518	0.00017591189501363133	0.001652397834539576
cg06831832	0.2985153041437074	-0.0012381928438061592	-0.0006225179357869402
cg16968020	0.2985655210263987	-0.0012622063543507981	-0.0007276345114330331
cg18188392	0.298867843127161	0.0010867595406441623	-1.4918141488532877e-05
cg11941526	0.300170608963578	0.0011498472182874075	0.0006857882960528605
cg25854649	0.3033794253905472	-0.0010272859462671512	-0.0003772121561036518
cg26185620	0.3049871690295916	-0.0011204717405717084	-0.0007210172891731907
cg04424215	0.3052876160233661	0.0016399419857570379	0.0006642373221123581
cg17671242	0.30650140063319953	-0.0016309315498054307	-0.0011220039430780986
cg16529483	0.30734614403002625	0.001255620044644374	0.0004742613229717368
cg10423328	0.3090806180069419	-0.0012613660595755995	-0.001013126385899067
cg00619443	0.30975794396754347	0.00048311152428016647	0.001287895793085068
cg06715672	0.3126132258583895	0.001524102613604645	0.0008330304976352075
cg11442732	0.31274706525965523	0.0032219295498126265	0.0019695583804097867
cg04779297	0.3149777033131322	0.0005631343354636807	0.0014078006446912174
cg18124706	0.3179253895906523	-0.001064840818668565	-0.0004793562230680316
cg00688681	0.3186442522897161	0.0017532087406030483	0.0019780738234104985
cg12848223	0.3197159245367246	0.0010124964554989505	0.0006583584187319279
cg09076821	0.3220410125106362	-0.0013617949526630597	-0.0005028136958931461
cg23733328	0.3231876876242326	-0.0011956869877161555	-0.000987380987309061
cg14001161	0.3243958746955341	-0.0012705382977658754	-0.0004032342718578417
cg03746520	0.32577434873315464	0.00012559051529200483	-0.002729763681261823
cg25323709	0.3262048572452392	-0.0010515179992637003	-0.0005413376312396587
cg05373692	0.32817925580413915	0.00049893183595477	0.0013120088063871174
cg08757574	0.3284774597213955	0.0025973570593392933	0.0014063000830933418
cg12614912	0.328953177876794	0.0015427112589828905	0.000482333481599744
cg08871618	0.3290408348968294	0.0022197416729128967	0.0013210291754104657
cg23161282	0.33014877325174	0.0016077207665380826	0.0010565213882729066
cg06135650	0.3307433932892878	0.00011747858625571291	0.0012490785782728897
cg21416682	0.33131388131268685	0.0011220076873587018	0.00021094669829097002
cg25781258	0.3329733900292585	0.0013567634881960972	0.0004238446046676021
cg18813387	0.3343448069281326	0.00017423494227270802	0.0010736834705678995
cg03305185	0.3394000718361663	0.0011973072853629298	0.00035457910942397254
cg09687738	0.34201765878306817	0.0015321464685886105	0.0017778278864201231
cg27548655	0.3433432572965084	-0.0010061887978833478	-0.000592310092020367
cg02177607	0.3446340155844476	-0.0010442358970209488	-0.0005532362966314672
cg00769064	0.34623808234369696	0.001348604353855767	0.0009576086840915187
cg08304428	0.3468887497356021	0.0024530819720729197	0.0010020670234193569
cg03789606	0.3479057805895288	-0.0016420803800548853	-0.0009354069137959325
cg11028627	0.34792573966602	-0.0011450336550569069	-0.0002918826183098794
cg17397814	0.3494017334739936	-0.001300618670397269	-0.00033902852513780987
cg06180047	0.3514241474914812	-0.0011725997945652429	-0.0009052265361767157
cg12544401	0.35152917245292103	-0.0010943732875476305	-0.00024449162287689964
cg02742918	0.35169382173418884	-0.0017263011252619924	-0.0005620670864681054
cg19794163	0.3527742089578666	-0.0016781074390224764	-0.000134997861363185
cg01353903	0.3550094460325517	0.0013857818273782941	0.00040213424952033653
cg07764473	0.3564045927092297	0.001534833931749954	0.0005994345099858705
cg13397632	0.35820583330204403	0.0014471847112078283	0.0006647233025874089
cg03697809	0.36109722534549504	0.001474508785102406	0.0007334950620909165
cg01191832	0.362133330317707	0.0011813909864949723	0.0003633352148060752
cg05915658	0.36231136580891515	-0.0011831523269898966	-0.0004754582665526179
cg24447042	0.36434575039282513	0.0010792618350500265	0.0007245746285412279
cg23238793	0.36479604201328125	0.002154633433355871	0.001354671602249714
cg05929865	0.3653404378231368	-0.001070470213806793	-0.00075386602035987
cg11647489	0.36713099557126133	0.00027008555831821874	0.0013061006209690038
cg05190516	0.3678971848254167	0.0010256792966258012	0.0017607451012239942
cg09329826	0.36915743049754257	0.0015393070675291604	0.0007874299175129227
cg25896901	0.37041408570115103	0.0011928716232172433	0.00026902961262908256
cg15339180	0.3734915930676042	0.00040797258676319157	0.0010856973651308002
cg06544877	0.3740948793506508	0.0003761841010215808	0.0011693535011918295
cg14686949	0.37596839122349723	-0.001375291972721379	-0.0009802454922564843
cg25887010	0.37750526994901246	0.0013656037132032401	0.0007933309434825692
cg21252909	0.3778110168276491	0.001067227129184492	0.0005205147325604702
cg26383972	0.37918001924772304	0.0019165590139378537	0.0010424386502105633
cg02818322	0.38215896981066777	-0.0010229655020521586	-0.0003526752060255095
cg12504641	0.38241212639411387	-0.0010126503893138792	-0.0007002415848396286
cg14805882	0.3835061862369705	-0.0017195428348476354	-0.0008028026664279452
cg05313317	0.3837276764818855	0.0010861396512169383	0.0008491518923313928
cg02185190	0.38582228732920065	-0.0010447148549614263	-0.00017194948773103713
cg17430262	0.38738092563131543	0.0012468793666664405	5.594156431305749e-05
cg14095733	0.3884118012979372	-0.0010683616002801128	-0.0005264882767673545
cg08145178	0.39176363131364766	-0.0010713246506978494	-0.000342604831409177
cg03356806	0.3922487888817831	0.0011590171024601261	0.0002453940048442398
cg06307153	0.3922567684777534	0.0012217333927642216	0.0007771849460098587
cg03350932	0.3926586820341963	-0.001079581035150925	-0.0004686344789758096
cg24800146	0.3942585894167646	-0.0010171193911787195	-0.0007347778057089642
cg04492048	0.3962364016955514	0.0022656560953049744	0.0005491782336820341
cg09626131	0.39627042576020677	0.001093350943614125	0.0005557761552254249
cg04730443	0.39971755228084904	-0.001321878766887373	-0.0011879283844795565
cg24156832	0.4005789430915005	-0.0012924738182189667	-0.0007804607210805583
cg19937198	0.4041496717781716	-0.0010483189074085597	-0.0006803193271650323
cg25871420	0.4061428224512399	-0.0017185436818200539	-0.0009497658993444688
cg24774956	0.40674851848135224	-0.0017198277960594663	-0.000618257500854061
cg03523119	0.40742347222233627	0.0005492151240002548	0.0011810949233682399
cg05585317	0.41103252388038225	0.001719103501489312	0.0005001377021753063
cg22799132	0.4143242074327253	0.00119901871265095	0.00046791705972091597
cg26964112	0.4151407704167767	-0.001699502645002559	-0.0007048237720504688
cg04488527	0.4167845885717168	0.0017857394796686457	0.00047592940201895186
cg23688843	0.41782621215031	-0.001094874792729974	-0.0006409461449579312
cg24544147	0.4186198635590426	-0.0010112013591035247	-0.0005904275513715558
cg04065832	0.42404502943956096	0.0020673764141592227	0.0012462672928184924
cg26959464	0.42500584926123286	-0.0012428236276780195	-0.0007495920900447707
cg07001612	0.42647002769031733	0.0010499504651903203	0.0003319339764394475
cg24135682	0.4264868215616331	0.000928842204108111	0.001068889258919461
cg11460496	0.4306566022724444	0.0032529584924936663	0.0009784181726053564
cg03744357	0.4319706315989401	-0.001569932222848245	-0.0011850320752532072
cg24324483	0.4349859861049563	-0.0011882099242895225	-0.00048215970655307653
cg25696807	0.4375205315015687	-0.0010432104786208532	-0.000745543974287227
cg23256579	0.4378606290599125	-0.005567462704360301	-0.002568066576264325
cg19602178	0.4398835190883423	0.00034390021156152336	0.0018625483785480858
cg24383344	0.44086984559100345	0.0017165539892731055	0.0006245640788897252
cg00404599	0.4409191551187796	0.0011146801437811602	0.0005364338686073745
cg10021693	0.44163080184452785	-0.001406359731355898	-0.000613149162498218
cg10874556	0.4425999904887024	0.0031605826176638596	0.0012863752763716272
cg01080552	0.442759960255189	-0.0008933423854968704	-0.001036006191257409
cg24401049	0.4428496202971809	0.0011596939784075631	0.0007863272179045287
cg23583777	0.4437499696752447	0.0011472545648247407	0.0005420834427863493
cg16255697	0.44464533553667285	-0.0012160366346237017	-0.0009367405153088958
cg02286623	0.44647877684966786	0.00038719672620346165	0.0014555706262797952
cg04886769	0.4467836955496043	-0.0011980099729552312	-0.0015672404044195212
cg17156570	0.44680468397691486	0.0022781054478337674	0.001375582502831579
cg15396238	0.44687783302901823	-0.00152089046266815	0.00018079777115685485
cg11913917	0.4477409841486369	-0.0011218634567492052	-0.00054001952408507
cg25140188	0.4495633390406482	-0.006729059108038886	-0.0021512878034144014
cg21692664	0.4505037521572662	0.0007651613354193237	0.0013163159703521309
cg04792227	0.45164816340341296	0.001223886749350457	0.0003102709059891849
cg15169914	0.4525828980403445	-0.0011602611158577196	-0.0010490347665333291
cg00387940	0.4540714050393575	-0.0011110015926376635	-0.0005288966784107437
cg03706273	0.4543909453859053	0.0004936813417316065	0.0013568954521789784
cg24422680	0.4544457672928554	0.001284524397651283	0.0005329955029569798
cg20086286	0.45487080706494426	0.00029683668199973937	0.0012550377164543998
cg17868751	0.45678845264321116	0.00048019367458569423	0.0011055576515764894
cg27615582	0.45796065162088356	-0.002834231522798257	-0.0012716865227710655
cg01913196	0.46095656788386175	0.0020230290830104995	0.0007782804868760955
cg21131239	0.46206392535303753	-0.0012438427381350659	-0.00044096471029988343
cg17062249	0.46339292362185824	-0.002040636020599556	-0.0008859044746591188
cg02580986	0.46497209999180156	0.0017075997047485826	0.0020094813249917558
cg17480254	0.46986989817138464	-0.0016176286557708739	-0.001150148806001284
cg04667267	0.47096563910333333	0.0003357675094034607	0.0013388648599859379
cg02936076	0.47256156434634966	0.00046566461565000116	0.0010144496954747509
cg05789980	0.47298105358910897	0.0011712894295653714	0.0005237018716256443
cg22337136	0.4739896516393136	-0.0010503519439738606	-0.0006754296332143125
cg11482392	0.4758014844066011	0.0008166130468214287	-0.0012739653500283496
cg02639793	0.47623593714238316	0.0011853006000146005	0.0005966785275116156
cg15042473	0.47686924682381915	-0.0011292152322763499	-0.0008506185457931621
cg07175977	0.476877971420547	0.000773357443933569	0.0010090354231273295
cg04529406	0.47810125809824766	-0.00151677269293197	-0.0004284494871226977
cg16821967	0.4791409004763934	-0.002453856930043852	-0.0011906537818441674
cg08762253	0.47971332816708123	-0.0011892769732405972	-0.0013693929307729512
cg06461462	0.4801086796102379	-0.0014203932415390312	-0.0008106753290791352
cg07409400	0.4825320423815798	-0.0011508712346499706	-0.0004802180864342865
cg02233183	0.4830800875595978	0.0013314359258824904	-3.3751957610638365e-05
cg22193343	0.48336845789237187	-0.001041184887787061	-0.0008595440090237678
cg13498184	0.48438389985063546	-0.0009549251135357208	-0.001098707376575187
cg08159444	0.4850528565551415	-0.0013429899607947582	-0.0006445682092155166
cg05155058	0.48903284193212876	-0.0012045313533639882	-0.0006311837952086597
cg19112977	0.4906347593242346	0.0016414485150938857	0.0018564523453076243
cg17482649	0.49063477565057	0.0017767664328080532	0.0006458439343187758
cg19041765	0.4923544067995497	0.0019893954561061855	0.0009439078847280576
cg21377007	0.4924387141563868	-0.0011650547084804043	-0.0005962299962174937
cg15563580	0.49269320486937546	0.00026004986182914477	0.0011206155544471559
cg17345128	0.49435346515002276	0.0010130295421464396	0.0005575703630530143
cg12937141	0.4954558685667545	-0.0010620630562605043	-0.0006876890338661241
cg00783137	0.49630612828458986	0.0004339199933994729	0.001004686892393463
cg04055739	0.4968558160860993	0.0021523116849609405	0.0014928225422850224
cg04774951	0.4987632229046197	-0.0018044410840766753	-0.0012648906212065587
cg01538344	0.49885841354257954	0.0038236919084006695	0.0019132832326990354
